Codon			Axis1	Axis2      Axis3   Axis4
UUU                    -0.02826   -0.35028   -0.13574    0.00847
UCU                     0.02690   -0.25073    0.13314   -0.10443
UAU                     0.08114   -0.14479    0.00779    0.00518
UGU                     0.13239    0.03765    0.16000   -0.21824
UUC                    -0.38108   -0.24854    0.11959   -0.24575
UCC                    -0.02843   -0.03598   -0.12303    0.05866
UAC                    -0.03393   -0.17980    0.08274   -0.13512
UGC                     0.18351    0.14985    0.09925   -0.06970
UUA                    -0.05215   -0.24062   -0.07504    0.10415
UCA                     0.15169   -0.33350   -0.16747    0.08378
UUG                    -0.06362   -0.03133   -0.12480   -0.05720
UCG                     0.20965   -0.20234   -0.26417    0.07295
CUU                    -0.03118   -0.19378   -0.04592    0.14382
CCU                    -0.17817    0.12963    0.11431    0.13721
CAU                    -0.10360   -0.04559   -0.20644   -0.27410
CGU                    -0.17531    0.34451   -0.28889   -0.18805
CUC                    -0.05058   -0.09088    0.08989    0.10016
CCC                    -0.07780    0.21539   -0.18373   -0.01313
CAC                    -0.09285    0.00650    0.04593   -0.48398
CGC                     0.05050    0.45508   -0.04166   -0.10387
CUA                    -0.11005   -0.19465    0.23200   -0.16168
CCA                    -0.06900    0.02274    0.01570    0.08580
CAA                     0.12919    0.06267   -0.03544    0.09027
CGA                     0.32789    0.34445    0.02365   -0.04501
CUG                     0.10654   -0.10368    0.05551   -0.05228
CCG                    -0.06631    0.18145   -0.28228   -0.17154
CAG                    -0.05498    0.14954    0.13298    0.26649
CGG                     0.41973    0.26836    0.03302   -0.08139
AUU                     0.07905   -0.08272    0.06537    0.06803
ACU                    -0.15317   -0.01638   -0.03369   -0.05825
AAU                     0.24802   -0.11414    0.08415   -0.01615
AGU                     0.05658   -0.13582   -0.14227   -0.17801
AUC                    -0.07814   -0.04027    0.34220   -0.08425
ACC                    -0.28601    0.17150    0.03731   -0.05913
AAC                     0.02887    0.02707    0.27092   -0.20721
AGC                    -0.14696   -0.02746    0.15644   -0.26451
AUA                     0.21216   -0.09340   -0.08631    0.10065
ACA                     0.07365    0.00873   -0.07608    0.08342
AAA                     0.48171    0.11817   -0.05413   -0.07802
AGA                     0.34652    0.34553   -0.10978    0.00788
ACG                    -0.01304    0.00799    0.22476    0.27970
AAG                     0.49820    0.06087   -0.00581   -0.05654
AGG                     0.32645    0.39945   -0.06536   -0.10405
GUU                    -0.24224    0.05659   -0.06387    0.14903
GCU                    -0.44394    0.08727    0.07292   -0.05134
GAU                     0.06144    0.01009    0.04537   -0.01630
GGU                    -0.44165    0.16041    0.07366   -0.03883
GUC                    -0.00791   -0.08341   -0.20538    0.03927
GCC                    -0.31550    0.18018   -0.07448    0.26993
GAC                     0.09488    0.17770    0.22351   -0.07657
GGC                    -0.41560    0.03866   -0.10984   -0.03261
GUA                    -0.29262    0.13468    0.06014    0.11377
GCA                    -0.26213    0.20826   -0.24820   -0.16379
GAA                     0.15551    0.08839    0.23337    0.06521
GGA                    -0.09863    0.07601   -0.03817    0.10032
GUG                    -0.05025    0.06765   -0.14624    0.23494
GCG                    -0.34454    0.22016    0.04728    0.33773
GAG                     0.07189    0.13166    0.15803    0.06705
GGG                    -0.11133    0.18487   -0.18836    0.04064